function [h] = ObjFuncHessian(x)
    h = [22.79974556/x(1)^2.3017-2.815790505/(x(1)^1.5075*x(2))+(0.5294030451e-4*(-1381.678449/x(1)^1.2048-607.2033744/(2*x(1)+1.2*x(2))^1.139))/x(2) -5.548355674/(x(1)^.5075*x(2)^2)-0.1928731892e-1/((2*x(1)+1.2*x(2))^1.139*x(2))-(0.5294030451e-4*(6746.476800/x(1)^.2048+2184.184800/(2*x(1)+1.2*x(2))^.139))/x(2)^2;
         -5.548355674/(x(1)^.5075*x(2)^2)-0.1928731892e-1/((2*x(1)+1.2*x(2))^1.139*x(2))-(0.5294030451e-4*(6746.476800/x(1)^.2048+2184.184800/(2*x(1)+1.2*x(2))^.139))/x(2)^2 22.53139360*x(1)^.4925/x(2)^3-0.1157239135e-1/((2*x(1)+1.2*x(2))^1.139*x(2))-.1387576901/((2*x(1)+1.2*x(2))^.139*x(2)^2)+(0.1058806090e-3*(8484.00000*x(1)^.7952+1268.40000*(2*x(1)+1.2*x(2))^.861))/x(2)^3+1.642254458/x(2)^3.1899-0.6432671974e-4/x(2)^1.329];
end
