function [g] = ObjFuncGrad(x)
    g = [-17.51536111 / x(1)^1.3017 + 5.548355674 / (x(1)^0.5075 * x(2)) + (0.5294030451e-4 * (6746.476800 / x(1)^0.2048 + 2184.184800 / (2 * x(1) + 1.2 * x(2))^0.139)) / x(2);
        -11.26569680 * x(1)^0.4925 / x(2)^2 + 0.6937884505e-1 / ((2 * x(1) + 1.2 * x(2))^0.139 * x(2)) - (0.5294030451e-4 * (8484. * x(1)^.7952+1268.4 * (2 * x(1) + 1.2 * x(2))^0.861)) / x(2)^2 - 0.7499221236/x(2)^2.1899 + 0.1955219445e-3 / x(2)^0.329];
end
