function [h] = ObjFuncHessian(x)
    h = [22.79974556/t^2.3017-2.815790505/(t^1.5075*q)+(0.5294030451e-4*(-1381.678449/t^1.2048-607.2033744/(2*t+1.2*q)^1.139))/q -5.548355674/(t^.5075*q^2)-0.1928731892e-1/((2*t+1.2*q)^1.139*q)-(0.5294030451e-4*(6746.476800/t^.2048+2184.184800/(2*t+1.2*q)^.139))/q^2;
         -5.548355674/(t^.5075*q^2)-0.1928731892e-1/((2*t+1.2*q)^1.139*q)-(0.5294030451e-4*(6746.476800/t^.2048+2184.184800/(2*t+1.2*q)^.139))/q^2 22.53139360*t^.4925/q^3-0.1157239135e-1/((2*t+1.2*q)^1.139*q)-.1387576901/((2*t+1.2*q)^.139*q^2)+(0.1058806090e-3*(8484.00000*t^.7952+1268.40000*(2*t+1.2*q)^.861))/q^3+1.642254458/q^3.1899-0.6432671974e-4/q^1.329]
end
